1@0|0|0|0|0|0|0|0|0|0|pelle$|0|0|0|0|0|0|0|0|0|0|0|mousquet$|0|0|0|0|0|0|0|0|0|0|0|0|0|0|0|0|0|0|0|0|0|0|0|0|0|0|trésor$|0|0|0|pelle$|0|0|mousquet$|0|0|0|0|0|0|0|0|0|0|0|0|0|0|0|0|0|0|0|0|0|0|0|0|0|0|0|0|0|0|0|0|0|0|pelle$|0|0|0|0|0|0|0|0|0|0|0|0|armure$|0|0|0|armure$|0|mousquet$|0|0|0|0|0|0|0|0|0|0|armure$|0|0|0|0|0|0|0|0|0|0|0|0|0|0|0|0|0|0|0|0|0|0|
2@0|0|0|0|0|trésor$|0|0|0|0|0|0|0|0|0|0|0|0|0|0|0|0|0|0|mousquet$|0|0|0|0|0|0|0|pelle$|0|0|0|0|0|0|0|0|0|0|0|0|0|0|0|0|0|0|0|0|0|0|0|0|0|0|0|0|0|0|0|0|0|0|0|0|0|0|0|0|0|0|0|0|0|0|0|0|0|0|0|0|0|0|0|0|0|0|0|0|0|armure$|0|0|0|0|0|0|0|0|0|0|0|0|0|0|0|0|0|0|0|0|0|0|0|0|0|0|0|0|0|0|0|0|0|0|0|0|0|0|0|0|0|0|0|0|0|0|0|0|0|
3@0|mousquet$|0|0|armure$|0|0|trésor$|0|mousquet$|0|0|armure$|0|0|0|0|0|0|0|0|0|0|0|0|0|0|0|0|0|0|0|0|0|0|0|0|0|0|0|0|0|0|0|0|0|0|0|0|0|0|0|0|0|pelle$|0|0|0|0|0|0|pelle$|0|0|0|0|0|0|0|0|0|0|0|0|0|0|pelle$|0|0|0|0|0|0|0|0|0|0|0|0|0|0|0|0|0|0|0|0|0|0|0|armure$|0|0|0|0|0|0|0|0|0|0|0|0|0|0|0|0|0|0|0|0|0|0|0|0|0|0|0|0|0|0|0|0|0|0|0|0|0|0|0|0|0|mousquet$|0|
4@trésor$|0|0|0|0|0|0|0|0|0|0|0|0|0|0|0|0|mousquet$|0|0|0|0|pelle$|0|mousquet$|0|0|0|0|0|0|0|0|0|0|0|0|0|0|0|0|0|0|0|0|0|0|0|0|0|0|0|0|0|0|0|0|0|0|0|0|0|0|armure$|0|0|0|0|0|0|0|0|0|0|0|0|0|0|0|0|armure$|0|0|0|0|armure$|0|0|0|0|0|0|0|0|0|0|0|0|0|pelle$|0|0|0|0|0|0|0|0|0|0|0|0|0|0|0|0|0|0|0|0|0|0|0|0|0|0|0|0|0|0|0|0|0|0|mousquet$|0|0|0|0|0|0|0|0|pelle$|
5@0|0|0|0|0|mousquet$|0|0|0|0|0|0|0|0|0|0|0|0|0|0|0|0|0|0|0|0|0|0|0|0|0|0|0|0|0|0|0|0|0|0|0|0|0|0|0|0|0|0|0|0|0|0|0|0|0|0|pelle$|0|0|0|0|0|0|0|0|0|0|0|0|0|0|0|0|0|0|0|0|0|0|0|0|0|0|mousquet$|0|0|0|0|0|0|0|0|0|0|0|0|0|0|0|0|0|0|armure$|0|0|0|0|pelle$|0|0|0|0|0|0|0|0|0|0|0|0|0|0|0|0|0|0|0|0|0|0|0|0|0|armure$|0|0|0|0|0|0|trésor$|0|0|0|
6@0|0|0|0|0|0|0|0|0|0|0|0|0|0|0|0|0|0|0|0|0|0|0|0|mousquet$|0|0|0|0|0|0|0|0|armure$|0|0|0|0|0|0|0|0|0|0|0|0|0|0|0|0|0|0|0|0|0|0|0|0|0|0|0|0|0|0|0|0|0|0|0|0|0|0|0|0|0|0|mousquet$|0|0|0|0|pelle$|0|0|0|0|0|0|0|0|0|0|0|0|0|0|0|0|0|0|0|0|0|0|0|0|0|0|0|0|0|0|0|0|0|0|0|0|0|0|0|0|trésor$|0|0|0|0|0|0|0|0|0|0|0|0|0|0|pelle$|0|0|armure$|0|0|0|
7@0|0|0|0|0|0|0|0|0|0|0|mousquet$|0|0|0|0|0|0|0|0|0|Boucanier$|0|bob$|0|0|0|0|0|0|0|Boucanier$|0|0|0|0|0|0|0|0|0|0|0|0|0|armure$|trésor$|0|0|0|Boucanier$|armure$|0|0|mousquet$|0|0|0|0|0|0|Boucanier$|0|Flibustier$|0|Boucanier$|pelle$|0|0|0|0|0|0|0|0|0|0|0|0|0|Boucanier$|0|0|0|0|0|Boucanier$|0|0|0|0|0|0|0|0|0|0|0|0|0|0|0|0|0|0|0|0|0|0|Boucanier$|0|0|0|0|0|0|0|0|0|0|0|0|0|0|0|0|0|0|0|0|0|0|john$|0|0|pelle$|0|0|0|0|0|0|0|0|
8@0|0|0|0|0|0|0|0|0|0|pelle$|0|0|0|0|0|mousquet$|0|0|0|0|0|0|0|0|0|0|0|0|0|0|0|0|0|0|0|0|0|0|0|0|0|0|0|0|0|0|0|0|mousquet$|pelle$|0|0|0|trésor$|0|0|0|0|0|0|0|0|0|0|0|0|0|0|0|0|0|0|armure$|0|armure$|0|0|0|0|0|0|0|0|0|0|0|0|0|0|0|0|0|0|0|0|0|0|0|0|0|0|0|pelle$|0|0|mousquet$|0|0|0|0|0|0|0|0|0|0|armure$|0|0|0|0|0|0|0|0|0|0|0|0|0|0|0|0|0|0|0|0|0|0|0|0|0|0|
9@0|0|0|0|0|0|0|pelle$|0|0|mousquet$|0|0|0|0|0|0|0|0|0|0|0|0|0|0|0|pelle$|0|0|0|mousquet$|0|0|0|0|0|0|0|0|0|0|0|0|0|0|0|0|0|0|0|0|0|0|0|0|trésor$|0|0|0|0|0|0|0|0|0|armure$|0|0|0|0|0|0|0|armure$|0|0|0|0|0|0|0|0|0|0|0|0|0|0|0|0|0|0|0|0|0|0|0|0|0|0|armure$|0|0|0|0|0|pelle$|0|0|0|0|0|0|0|0|0|0|0|0|0|0|0|0|0|0|0|0|0|0|0|0|0|0|mousquet$|0|0|0|0|0|0|0|0|0|0|
10@0|0|0|0|0|0|0|0|0|0|0|0|0|0|0|pelle$|0|0|0|0|0|0|0|0|0|0|0|0|0|0|0|0|pelle$|0|0|0|0|0|0|0|0|0|0|armure$|0|0|0|0|0|0|0|0|0|0|0|0|0|0|0|0|0|0|0|0|0|0|0|mousquet$|0|0|0|0|0|0|0|0|0|0|0|0|0|0|0|0|0|armure$|0|0|0|0|0|pelle$|0|0|0|0|0|0|0|mousquet$|0|pelle$|0|0|0|mousquet$|0|0|0|mousquet$|0|0|0|0|0|0|0|0|0|0|0|0|0|0|0|0|0|armure$|trésor$|0|0|0|armure$|0|0|0|0|0|0|0|0|0|0|0|
11@0|0|0|0|0|0|0|0|0|0|0|0|0|0|0|0|0|0|0|0|0|0|0|0|0|0|0|0|0|0|0|0|0|0|0|0|0|0|0|0|0|0|0|0|0|0|0|0|trésor$|0|pelle$|0|0|0|0|0|0|0|0|0|0|0|0|0|0|mousquet$|0|armure$|0|0|0|0|0|pelle$|0|mousquet$|0|0|0|0|0|0|0|0|armure$|0|0|0|0|0|0|0|0|0|0|0|0|0|0|0|0|0|0|0|0|0|0|0|0|0|0|0|0|0|0|0|0|0|0|mousquet$|0|0|0|0|0|0|0|0|0|0|0|0|0|0|armure$|0|0|0|0|0|0|pelle$|0|0|
12@0|0|0|0|0|0|0|0|0|Flibustier$|pelle$|0|0|0|Flibustier$|0|0|0|0|0|0|0|0|0|0|0|0|0|0|0|0|trésor$|0|0|Flibustier$|0|0|0|0|0|0|Flibustier$|0|armure$|0|0|0|0|0|0|0|0|0|mousquet$|armure$|0|0|0|0|Boucanier$|0|0|0|Flibustier$|0|0|pelle$|0|0|0|0|dhj$|0|0|0|0|mousquet$|0|0|0|0|0|mousquet$|0|0|0|dsfg$|0|0|0|0|0|0|0|0|sdfg$|0|0|0|0|0|0|0|0|pelle$|0|0|0|Flibustier$|0|0|0|0|0|0|0|Boucanier$|0|0|0|0|0|0|0|0|Flibustier$|0|0|0|0|0|0|0|0|0|0|0|0|0|0|0|armure$|0|Flibustier$|
13@0|0|0|0|0|0|Boucanier$armure$|0|0|0|0|0|0|0|0|0|0|0|0|Boucanier$armure$|0|0|0|0|0|0|0|0|0|0|0|0|0|0|pelle$|0|0|0|0|0|gdfh$|0|0|0|0|0|0|0|sdfg$|0|0|0|0|0|0|0|0|0|0|0|0|mousquet$|0|0|0|0|0|0|Boucanier$Boucanier$|0|0|mousquet$|0|0|0|0|0|0|0|0|Flibustier$|0|0|0|0|0|0|0|0|0|0|0|0|0|0|0|0|0|0|0|0|0|0|0|0|0|0|0|0|0|Boucanier$armure$|0|0|0|0|0|0|0|pelle$|0|0|0|Flibustier$|0|0|0|Boucanier$pelle$|0|Flibustier$|0|trésor$|Boucanier$|0|0|fgjkdfg$|0|0|0|0|0|mousquet$|0|0|0|
14@0|0|0|Boucanier/0:100:100$|0|0|0|0|0|0|0|ty/0:0:0/§§§§$|pelle$|0|0|0|armure:91:50$|mousquet:150:0$|0|0|0|Boucanier/0:100:100$|0|0|0|0|0|0|0|0|0|0|0|0|0|0|0|0|0|0|0|Boucanier/0:100:100$|0|0|0|0|0|0|0|0|0|0|0|0|0|0|0|0|0|0|0|0|0|mousquet:150:0$|0|0|0|0|0|0|0|0|Boucanier/0:100:100$Boucanier/0:100:100$|0|0|sfgh/0:0:0/§§§§$|0|0|mousquet:150:0$|0|0|0|0|0|0|0|0|0|0|0|0|0|0|0|0|Flibustier/1:100:100$|0|0|0|0|0|0|0|armure:91:50$|0|Boucanier/0:100:100$|Boucanier/0:100:100$armure:91:50$|0|pelle$|0|0|0|trésor$|0|0|0|0|0|0|0|pelle$|0|0|0|0|sqdf/0:0:0/§§§§$|0|0|0|0|0|0|Boucanier/0:100:100$|0|0|0|0|0|0|0|0|Boucanier/0:100:100$|0|0|
